00000000000000000000011011010100
00000000000000000000000001100001
00000000000000000000000000111001
00000000000000000000011111000011
00000000000000000000001110111101
00000000000000000000001110111101
00000000000000000000000101000101
00000000000000000000000001010010
00000000000000000000010101010001
00000000000000000000000000011101
00000000000000000000010100100110
00000000000000000000011000111101
00000000000000000000011001011101
00000000000000000000011001001100
00000000000000000000010100001001
00000000000000000000011110000110
00000000000000000000000011000101
00000000000000000000000001111010
00000000000000000000001101110101
00000000000000000000010011100111
00000000000000000000000011000010
00000000000000000000010000001111
00000000000000000000011111000010
00000000000000000000001011101110
00000000000000000000000010101000
00000000000000000000010011100101
00000000000000000000011101011100
00000000000000000000000111101101
00000000000000000000011001011101
00000000000000000000001100010101
00000000000000000000010111110011
00000000000000000000010100001010
00000000000000000000001110100000
00000000000000000000011000000000
00000000000000000000010111101010
00000000000000000000000011011101
00000000000000000000000000010110
00000000000000000000001110100011
00000000000000000000000000111101
00000000000000000000001101110011
00000000000000000000010101001011
00000000000000000000000111100101
00000000000000000000010001110010
00000000000000000000011000101110
00000000000000000000000101111101
00000000000000000000001101101111
00000000000000000000000010010011
00000000000000000000011011101010
00000000000000000000011101001010
00000000000000000000001110001100
00000000000000000000010111100010
00000000000000000000010111111010
00000000000000000000011101000001
00000000000000000000011010101000
00000000000000000000000110111000
00000000000000000000010000011001
00000000000000000000000110101011
00000000000000000000011011100110
00000000000000000000010111110110
00000000000000000000010000111110
00000000000000000000000101101100
00000000000000000000010010101010
00000000000000000000010101111011
00000000000000000000000110110001
00000000000000000000001011100101
00000000000000000000001111001111
00000000000000000000001101111011
00000000000000000000011000111010
00000000000000000000001110101110
00000000000000000000000111110101
00000000000000000000010010000001
00000000000000000000000101101001
00000000000000000000010011010010
00000000000000000000011110011100
00000000000000000000010011111111
00000000000000000000011100111111
00000000000000000000011010111000
00000000000000000000011110010111
00000000000000000000001110101111
00000000000000000000011000011100
00000000000000000000010110001011
00000000000000000000011101101001
00000000000000000000011000011001
00000000000000000000011110100000
00000000000000000000010011110111
00000000000000000000001000100001
00000000000000000000000001000110
00000000000000000000000101101100
00000000000000000000000001110010
00000000000000000000000001101000
00000000000000000000000011100111
00000000000000000000001110011101
00000000000000000000010110110010
00000000000000000000000000111110
00000000000000000000001000011101
00000000000000000000001000101001
00000000000000000000010110011111
00000000000000000000010111000011
00000000000000000000011011000101
00000000000000000000000100001000
00000000000000000000000110111011
00000000000000000000001000101001
00000000000000000000011001111111
00000000000000000000001100101010
00000000000000000000010010101000
00000000000000000000000101100110
00000000000000000000010001101110
00000000000000000000001100011100
00000000000000000000001100111010
00000000000000000000001110010110
00000000000000000000011010110011
00000000000000000000011101100011
00000000000000000000011010001111
00000000000000000000011111000011
00000000000000000000001010101111
00000000000000000000011010110100
00000000000000000000010111100111
00000000000000000000001000111011
00000000000000000000000011000110
00000000000000000000000100111010
00000000000000000000011010111001
00000000000000000000001110001101
00000000000000000000011000001010
00000000000000000000010101010101
00000000000000000000010001000101
00000000000000000000001000111111
00000000000000000000011001111001
00000000000000000000011110100100
00000000000000000000011000100000
00000000000000000000000011011010
00000000000000000000011010001011
00000000000000000000000000001110
00000000000000000000010001011100
00000000000000000000011110011010
00000000000000000000001100111101
00000000000000000000000111100011
00000000000000000000001000100110
00000000000000000000001111101110
00000000000000000000010100000111
00000000000000000000000100111010
00000000000000000000001010110110
00000000000000000000001001001000
00000000000000000000001010011001
00000000000000000000011110001000
00000000000000000000010010110100
00000000000000000000001101010011
00000000000000000000000001110100
00000000000000000000000000101001
00000000000000000000010110101011
00000000000000000000011100101101
00000000000000000000001011011001
00000000000000000000010000011101
00000000000000000000010101000110
00000000000000000000000101001010
00000000000000000000011010010110
00000000000000000000001101010101
00000000000000000000011010010110
00000000000000000000000100100100
00000000000000000000010010110111
00000000000000000000001001011001
00000000000000000000011100110100
00000000000000000000000111001000
00000000000000000000000101111000
00000000000000000000001010001101
00000000000000000000010001010111
00000000000000000000001110001110
00000000000000000000011010001000
00000000000000000000001000101100
00000000000000000000000001111101
00000000000000000000001101001001
00000000000000000000000000101100
00000000000000000000010101100110
00000000000000000000000101001010
00000000000000000000011110101101
00000000000000000000001010100110
00000000000000000000001001010000
00000000000000000000000110100011
00000000000000000000000000001010
00000000000000000000000010011110
00000000000000000000000100011010
00000000000000000000000111110101
00000000000000000000011011011010
00000000000000000000000101011001
00000000000000000000010000110111
00000000000000000000010100110110
00000000000000000000001110100000
00000000000000000000001010100110
00000000000000000000001010010110
00000000000000000000000000111101
00000000000000000000011011001100
00000000000000000000001101100110
00000000000000000000001111001000
00000000000000000000001010001110
00000000000000000000011011011011
00000000000000000000010010111111
00000000000000000000000001111001
00000000000000000000011010101010
00000000000000000000011100010001
00000000000000000000010000000111
00000000000000000000000010000001
00000000000000000000010111100110
00000000000000000000001101000000
00000000000000000000000110100101
00000000000000000000001001100101
00000000000000000000011101011001
00000000000000000000001011110001
00000000000000000000000111000101
00000000000000000000011100101000
00000000000000000000011110101011
00000000000000000000001111110011
00000000000000000000000111011100
00000000000000000000000011001010
00000000000000000000000010101110
00000000000000000000011110001000
00000000000000000000011011101001
00000000000000000000010010110001
00000000000000000000001100001110
00000000000000000000011010100110
00000000000000000000011010111111
00000000000000000000000001101010
00000000000000000000010011011010
00000000000000000000010101101101
00000000000000000000010010111110
00000000000000000000000000111000
00000000000000000000011010011001
00000000000000000000010111101000
00000000000000000000000110111010
00000000000000000000010100000011
00000000000000000000011011101011
00000000000000000000011101000111
00000000000000000000000100110110
00000000000000000000010001111010
00000000000000000000001110100100
00000000000000000000011101011001
00000000000000000000010001100010
00000000000000000000010000100100
00000000000000000000010000101111
00000000000000000000000111000110
00000000000000000000000110001010
00000000000000000000001100110010
00000000000000000000001101110010
00000000000000000000001001101101
00000000000000000000000011010100
00000000000000000000001001100100
00000000000000000000001110011010
00000000000000000000010100111001
00000000000000000000001111000001
00000000000000000000001101101110
00000000000000000000001000011011
00000000000000000000010010001011
00000000000000000000010001101111
00000000000000000000001001101001
00000000000000000000001111000110
00000000000000000000001001010101
00000000000000000000000111101111
00000000000000000000000101001011
00000000000000000000010001001000
00000000000000000000000111001110
00000000000000000000000000111011
00000000000000000000011100010010
00000000000000000000011101101000
00000000000000000000001000011101
00000000000000000000000111011011
00000000000000000000000010000010
00000000000000000000011101101110
00000000000000000000010111111101
00000000000000000000000101011100
00000000000000000000010110001000
00000000000000000000001101010001
00000000000000000000011010000110
00000000000000000000001011110001
00000000000000000000011110011011
00000000000000000000011011001000
00000000000000000000001010110011
00000000000000000000010111100110
00000000000000000000010101001011
00000000000000000000011110100010
00000000000000000000001001000100
00000000000000000000000110000011
00000000000000000000000010011000
00000000000000000000011101110010
00000000000000000000011010111000
00000000000000000000000111111001
00000000000000000000000111000101
00000000000000000000000000000001
00000000000000000000011100111011
00000000000000000000001110110001
00000000000000000000010100101000
00000000000000000000001110010111
00000000000000000000000101100001
00000000000000000000010001011111
00000000000000000000010010000100
00000000000000000000011010001000
00000000000000000000010000110110
00000000000000000000001100000100
00000000000000000000010001000010
00000000000000000000011101100110
00000000000000000000001101110001
00000000000000000000011010000101
00000000000000000000010011011101
00000000000000000000000001011011
00000000000000000000010101100101
00000000000000000000011111001101
00000000000000000000011110010111
00000000000000000000011100000100
00000000000000000000010010000111
00000000000000000000000111000111
00000000000000000000011010001001
00000000000000000000000101101001
00000000000000000000000101111011
00000000000000000000010100111001
00000000000000000000010011100001
00000000000000000000011110000001
00000000000000000000011010001010
00000000000000000000000110101010
00000000000000000000001000010101
00000000000000000000011011010011
00000000000000000000011011101100
00000000000000000000011010110010
00000000000000000000010000001110
00000000000000000000010111011000
00000000000000000000001010101111
00000000000000000000000111000110
00000000000000000000000101110000
00000000000000000000000101001000
00000000000000000000010101000000
00000000000000000000000000101000
00000000000000000000010000010110
00000000000000000000010000010101
00000000000000000000001110010000
00000000000000000000010111010100
00000000000000000000000000011001
00000000000000000000001100010000
00000000000000000000000001101100
00000000000000000000011101101010
00000000000000000000001111100010
00000000000000000000000011110101
00000000000000000000011101110001
00000000000000000000001011010111
00000000000000000000000100010011
00000000000000000000011110001001
00000000000000000000010011000110
00000000000000000000011100100101
00000000000000000000001111010001
00000000000000000000010111111101
00000000000000000000001000001010
00000000000000000000000101010111
00000000000000000000000000111100
00000000000000000000000111011100
00000000000000000000000111010001
00000000000000000000000100111011
00000000000000000000001110010110
00000000000000000000011001110111
00000000000000000000010100101110
00000000000000000000001000001100
00000000000000000000001111110101
00000000000000000000000111110000
00000000000000000000001001010000
00000000000000000000010010100010
00000000000000000000001100100100
00000000000000000000001010011101
00000000000000000000000100111101
00000000000000000000001000111011
00000000000000000000001111001001
00000000000000000000011011001110
00000000000000000000010101001101
00000000000000000000011011101011
00000000000000000000010000011111
00000000000000000000011100010011
00000000000000000000001001000011
00000000000000000000000111001101
00000000000000000000010011110001
00000000000000000000000011100100
00000000000000000000010111110101
00000000000000000000011110000000
00000000000000000000010101101101
00000000000000000000001011000010
00000000000000000000000110011000
00000000000000000000000000011101
00000000000000000000011010010010
00000000000000000000011110000100
00000000000000000000000011010110
00000000000000000000010101011100
00000000000000000000000100100000
00000000000000000000000011100111
00000000000000000000000111111010
00000000000000000000011000110100
00000000000000000000010000111010
00000000000000000000011100111100
00000000000000000000001001000000
00000000000000000000001010001010
00000000000000000000011000011011
00000000000000000000000100110110
00000000000000000000000111010101
00000000000000000000011010000010
00000000000000000000001111110010
00000000000000000000001101111001
00000000000000000000000111100100
00000000000000000000000001001101
00000000000000000000011000001011
00000000000000000000011010101100
00000000000000000000011011100111
00000000000000000000010111010110
00000000000000000000011011111001
00000000000000000000000100010100
00000000000000000000011010110000
00000000000000000000010001111100
00000000000000000000010101101100
00000000000000000000000110000111
00000000000000000000001100101010
00000000000000000000000101100001
00000000000000000000010101101000
00000000000000000000011110111011
00000000000000000000001010010011
00000000000000000000011111001100
00000000000000000000000010000011
00000000000000000000001000110100
00000000000000000000010011101001
00000000000000000000010100001001
00000000000000000000010011011111
00000000000000000000010000010100
00000000000000000000010010100111
00000000000000000000010101111101
00000000000000000000011110000000
00000000000000000000000101010010
00000000000000000000010100011001
00000000000000000000000000001001
00000000000000000000000101010000
00000000000000000000011100101100
00000000000000000000010010110011
00000000000000000000001110110011
00000000000000000000011010101010
00000000000000000000000111111000
00000000000000000000011010011101
00000000000000000000000100011010
00000000000000000000000000010100
00000000000000000000011100011011
00000000000000000000010010101001
00000000000000000000001101010010
00000000000000000000001010010010
00000000000000000000010110001001
00000000000000000000001100000000
00000000000000000000010011011110
00000000000000000000000010100111
00000000000000000000001100111011
00000000000000000000010111100110
00000000000000000000011000101011
00000000000000000000010011100000
00000000000000000000011100101111
00000000000000000000000001111001
00000000000000000000010111111100
00000000000000000000000000101001
00000000000000000000001010010101
00000000000000000000010011101111
00000000000000000000011101010000
00000000000000000000011101010001
00000000000000000000010110011001
00000000000000000000011000010111
00000000000000000000001010101010
00000000000000000000000011001000
00000000000000000000001110111011
00000000000000000000011110010100
00000000000000000000011010011000
00000000000000000000011010110111
00000000000000000000000111110110
00000000000000000000000011000000
00000000000000000000010001110111
00000000000000000000010011110101
00000000000000000000000001010100
00000000000000000000011000100111
00000000000000000000010110000110
00000000000000000000001101101001
00000000000000000000001011111011
00000000000000000000000000100001
00000000000000000000001110111011
00000000000000000000011011010000
00000000000000000000010101110010
00000000000000000000010100100101
00000000000000000000001100010000
00000000000000000000010101101111
00000000000000000000001010000110
00000000000000000000001101011111
00000000000000000000001101101001
00000000000000000000011010001000
00000000000000000000001001000110
00000000000000000000010000111111
00000000000000000000011001000001
00000000000000000000000000000101
00000000000000000000011000011110
00000000000000000000011111000000
00000000000000000000000010110101
00000000000000000000010000101000
00000000000000000000010001000100
00000000000000000000001110011001
00000000000000000000000010110001
00000000000000000000010011110111
00000000000000000000001001101110
00000000000000000000011100000001
00000000000000000000001010110101
00000000000000000000000101011000
00000000000000000000011001010000
00000000000000000000010111011010
00000000000000000000001010011111
00000000000000000000000010100001
00000000000000000000010101011101
00000000000000000000010011111110
00000000000000000000001001010010
00000000000000000000001110011100
00000000000000000000001101011001
00000000000000000000010010111111
00000000000000000000001000001011
00000000000000000000011100001111
00000000000000000000011100011010
00000000000000000000011110011001
00000000000000000000001001010011
00000000000000000000011011000011
00000000000000000000010110110101
00000000000000000000001101000001
00000000000000000000001100100111
00000000000000000000011011111001
00000000000000000000001010011010
00000000000000000000000010000001
00000000000000000000011110010010
00000000000000000000010000010100
00000000000000000000010100111010
00000000000000000000010110001101
00000000000000000000010111001001
00000000000000000000000001100101
00000000000000000000000001101101
00000000000000000000010111011001
00000000000000000000000001110001
00000000000000000000011101111111
00000000000000000000000001011011
00000000000000000000011010001101
00000000000000000000000001100000
00000000000000000000011110010110
00000000000000000000010001000010
00000000000000000000011000101101
00000000000000000000011000111010
00000000000000000000011100111100
00000000000000000000000101000000
00000000000000000000000011101011
00000000000000000000010011100101
00000000000000000000010100001000
00000000000000000000011100010110
00000000000000000000000010101100
00000000000000000000011011000011
00000000000000000000011100001001
00000000000000000000001001011000
00000000000000000000011101001011
00000000000000000000010111111110
00000000000000000000000101000011
00000000000000000000011001101100
00000000000000000000010000011110
00000000000000000000011101010100
00000000000000000000000000111001
00000000000000000000010100011001
00000000000000000000011100100011
00000000000000000000001101000100
00000000000000000000001110100101
00000000000000000000001101111100
00000000000000000000000000111001
00000000000000000000011110100010
00000000000000000000001111000101
00000000000000000000011010110101
00000000000000000000011001111110
00000000000000000000000111100010
00000000000000000000001010001000
00000000000000000000010010001000
00000000000000000000010100101101
00000000000000000000000110111111
00000000000000000000000111011000
00000000000000000000001011000000
00000000000000000000000011100101
00000000000000000000011110011100
00000000000000000000000101101011
00000000000000000000001100100000
00000000000000000000000100010101
00000000000000000000000111111101
00000000000000000000000110100000
00000000000000000000000101011101
00000000000000000000000100101001
00000000000000000000000000111100
00000000000000000000011101000000
00000000000000000000000101100000
00000000000000000000001101010000
00000000000000000000000010110001
00000000000000000000011011111101
00000000000000000000010011110101
00000000000000000000001011110101
00000000000000000000010100101101
00000000000000000000001111010100
00000000000000000000011101001010
00000000000000000000011100001100
00000000000000000000001010011000
00000000000000000000010111111110
00000000000000000000010100001010
00000000000000000000011011010110
00000000000000000000001110000111
00000000000000000000000111110011
00000000000000000000010101000101
00000000000000000000001111100111
00000000000000000000000100010101
00000000000000000000000111110011
00000000000000000000000101111001
00000000000000000000001001110110
00000000000000000000010100101000
00000000000000000000000101011110
00000000000000000000011100100000
00000000000000000000010110101010
00000000000000000000000000001100
00000000000000000000010110011001
00000000000000000000010100001011
00000000000000000000001001010000
00000000000000000000001111101111
00000000000000000000000100001000
00000000000000000000010011000101
00000000000000000000001011001101
00000000000000000000000011111011
00000000000000000000011101011100
00000000000000000000011111001100
00000000000000000000010010000100
00000000000000000000001010001001
00000000000000000000001110110101
00000000000000000000010100011110
00000000000000000000011010010011
00000000000000000000001100111000
00000000000000000000000110110100
00000000000000000000000001111100
00000000000000000000000110010110
00000000000000000000000111001010
00000000000000000000001100101000
00000000000000000000011011100101
00000000000000000000010100001010
00000000000000000000000011111010
00000000000000000000010000100011
00000000000000000000011110000010
00000000000000000000001111011100
00000000000000000000010010001001
00000000000000000000011011100011
00000000000000000000011010001011
00000000000000000000010111101000
00000000000000000000011011000010
00000000000000000000000101001001
00000000000000000000010110111111
00000000000000000000001001111011
00000000000000000000011110001101
00000000000000000000001111111000
00000000000000000000001010000101
00000000000000000000000001001111
00000000000000000000010000111011
00000000000000000000001000111011
00000000000000000000000001100000
00000000000000000000000100011101
00000000000000000000010000100010
00000000000000000000001101010100
00000000000000000000010001100111
00000000000000000000010110000110
00000000000000000000000000100010
00000000000000000000011001101001
00000000000000000000000011110100
00000000000000000000001101000110
00000000000000000000001010011010
00000000000000000000011010000000
00000000000000000000010010011110
00000000000000000000000111011100
00000000000000000000000110110001
00000000000000000000001111101011
00000000000000000000011110101100
00000000000000000000000100011100
00000000000000000000000010100111
00000000000000000000011010000001
00000000000000000000000111101011
00000000000000000000011101010101
00000000000000000000001101011001
00000000000000000000010101101111
00000000000000000000000010111111
00000000000000000000010001010000
00000000000000000000010110100011
00000000000000000000010000000110
00000000000000000000010111010010
00000000000000000000011100111010
00000000000000000000000011110001
00000000000000000000011101100111
00000000000000000000010000011110
00000000000000000000001001010001
00000000000000000000010111001101
00000000000000000000011101100101
00000000000000000000000100101100
00000000000000000000000101111000
00000000000000000000000011011100
00000000000000000000011100111010
00000000000000000000001000000101
00000000000000000000000110100111
00000000000000000000001010110011
00000000000000000000011101011110
00000000000000000000010010001101
00000000000000000000000101111110
00000000000000000000010100111000
00000000000000000000000001010100
00000000000000000000000001010000
00000000000000000000001001100110
00000000000000000000000111010010
00000000000000000000000100111000
00000000000000000000001011000101
00000000000000000000010011101110
00000000000000000000010011100110
00000000000000000000011101110011
00000000000000000000010111001011
00000000000000000000001000001011
00000000000000000000000001100111
00000000000000000000010111001111
00000000000000000000010111000100
00000000000000000000001101011010
00000000000000000000011000100110
00000000000000000000011011000100
00000000000000000000001110111011
00000000000000000000010011001011
00000000000000000000010101100100
00000000000000000000011001100100
00000000000000000000011000111101
00000000000000000000000010100001
00000000000000000000010110100101
00000000000000000000000110011001
00000000000000000000011001001001
00000000000000000000000110000000
00000000000000000000001010100110
00000000000000000000001010101100
00000000000000000000010111010111
00000000000000000000011011111000
00000000000000000000000110010011
00000000000000000000000011111110
00000000000000000000000101101100
00000000000000000000011110000000
00000000000000000000010101100000
00000000000000000000010011110000
00000000000000000000011010110011
00000000000000000000010001011000
00000000000000000000001010100001
00000000000000000000001100010011
00000000000000000000000101011000
00000000000000000000011110101111
00000000000000000000000111010111
00000000000000000000001101011010
00000000000000000000010100011101
00000000000000000000011001010000
00000000000000000000000001001011
00000000000000000000010110110001
00000000000000000000011110100010
00000000000000000000010011111100
00000000000000000000010000111101
00000000000000000000011110000101
00000000000000000000000000100000
00000000000000000000000100100100
00000000000000000000000101100100
00000000000000000000001010000000
00000000000000000000001110010011
00000000000000000000001100000011
00000000000000000000010000101101
00000000000000000000000100111100
00000000000000000000010001111000
00000000000000000000000001100111
00000000000000000000001010001111
00000000000000000000001110010011
00000000000000000000000001011011
00000000000000000000010101011000
00000000000000000000011101110010
00000000000000000000011101101001
00000000000000000000001010000111
00000000000000000000000011010010
00000000000000000000010111101110
00000000000000000000010000010111
00000000000000000000001001110100
00000000000000000000011000001011
00000000000000000000001100001000
00000000000000000000010000010101
00000000000000000000010001110101
00000000000000000000001010011010
00000000000000000000010111001000
00000000000000000000010110010010
00000000000000000000011101011000
00000000000000000000011011010000
00000000000000000000001001110011
00000000000000000000001110000100
00000000000000000000010111100101
00000000000000000000001000101010
00000000000000000000000100010110
00000000000000000000001011110100
00000000000000000000000001011011
00000000000000000000010110101000
00000000000000000000001010001000
00000000000000000000010110000111
00000000000000000000011011111000
00000000000000000000000111110101
00000000000000000000001010110001
00000000000000000000001111000011
00000000000000000000001001001011
00000000000000000000000000000101
00000000000000000000000011100000
00000000000000000000011010101011
00000000000000000000011110011111
00000000000000000000011001110000
00000000000000000000000111001000
00000000000000000000011101111101
00000000000000000000000111100110
00000000000000000000010110100001
00000000000000000000011001001001
00000000000000000000001100000101
00000000000000000000000010101111
00000000000000000000001001111011
00000000000000000000010100001110
00000000000000000000010101010011
00000000000000000000011001111000
00000000000000000000000001011001
00000000000000000000000011001000
00000000000000000000000011100101
00000000000000000000010010000011
00000000000000000000011000010100
00000000000000000000010110010100
00000000000000000000001011101110
00000000000000000000010111010110
00000000000000000000001110101111
00000000000000000000001000110011
00000000000000000000010110100000
00000000000000000000001101110010
00000000000000000000000101011111
00000000000000000000001110000101
00000000000000000000000010010111
00000000000000000000010101100101
00000000000000000000011010110101
00000000000000000000010110101000
00000000000000000000000111100110
00000000000000000000000001011100
00000000000000000000001011000000
00000000000000000000001101110001
00000000000000000000000011111100
00000000000000000000000111101100
00000000000000000000011110101111
00000000000000000000001000101110
00000000000000000000010100011001
00000000000000000000000011010010
00000000000000000000000110111110
00000000000000000000000001010101
00000000000000000000001010101010
00000000000000000000001100101000
00000000000000000000000010110010
00000000000000000000010011011010
00000000000000000000010110100011
00000000000000000000011010011010
00000000000000000000001001011011
00000000000000000000001100111011
00000000000000000000011110110010
00000000000000000000001011001100
00000000000000000000000101100001
00000000000000000000001001011110
00000000000000000000000010010001
00000000000000000000010000011011
00000000000000000000001010101111
00000000000000000000011001010001
00000000000000000000001110110000
00000000000000000000001000001001
00000000000000000000011110011110
00000000000000000000010001110100
00000000000000000000010101010001
00000000000000000000001011011001
00000000000000000000000001000111
00000000000000000000011100010100
00000000000000000000011010110011
00000000000000000000000000011011
00000000000000000000000100001001
00000000000000000000010010010101
00000000000000000000000011110111
00000000000000000000010100100001
00000000000000000000011110110110
00000000000000000000011011011111
00000000000000000000000000110100
00000000000000000000001100010010
00000000000000000000000100001100
00000000000000000000010100011011
00000000000000000000010000100100
00000000000000000000000100111111
00000000000000000000001001100010
00000000000000000000011100000011
00000000000000000000001011111010
00000000000000000000000010000000
00000000000000000000001010101110
00000000000000000000011101000100
00000000000000000000011110011011
00000000000000000000000100110010
00000000000000000000001111100010
00000000000000000000011000001111
00000000000000000000010011101000
00000000000000000000010011111111
00000000000000000000010000010000
00000000000000000000001000110010
00000000000000000000011101001101
00000000000000000000000100011011
00000000000000000000001100110100
00000000000000000000010001100100
00000000000000000000010100101001
00000000000000000000001110000011
00000000000000000000000100101100
00000000000000000000001010000101
00000000000000000000010001011011
00000000000000000000000100100101
00000000000000000000011010011111
00000000000000000000011100100100
00000000000000000000000101010101
00000000000000000000010100001100
00000000000000000000011001110010
00000000000000000000001011000111
00000000000000000000010000100001
00000000000000000000000111010100
00000000000000000000001011010001
00000000000000000000010000111001
00000000000000000000010001111010
00000000000000000000000100011101
00000000000000000000001101001111
00000000000000000000000100110101
00000000000000000000010101011000
00000000000000000000010001101011
00000000000000000000001000010010
00000000000000000000010110010111
00000000000000000000010010101110
00000000000000000000010101111000
00000000000000000000011110110000
00000000000000000000000101101010
00000000000000000000000001100010
00000000000000000000011100011100
00000000000000000000010011011010
00000000000000000000001010011010
00000000000000000000010000111110
00000000000000000000000000101001
00000000000000000000000000001011
00000000000000000000011100001011
00000000000000000000001001111110
00000000000000000000001110101110
00000000000000000000011101111100
00000000000000000000001101100101
00000000000000000000001111101011
00000000000000000000000010110010
00000000000000000000000011000111
00000000000000000000010001100011
00000000000000000000001011010001
00000000000000000000011101011110
00000000000000000000010010111010
00000000000000000000010110010101
00000000000000000000010000001101
00000000000000000000011000100100
00000000000000000000001101110100
00000000000000000000011110101100
00000000000000000000000111101010
00000000000000000000010110010011
00000000000000000000000111001100
00000000000000000000001000010011
00000000000000000000000101001101
00000000000000000000010100011100
00000000000000000000000011011101
00000000000000000000000011011100
00000000000000000000010001101111
00000000000000000000001101111111
00000000000000000000010110111000
00000000000000000000001011101011
00000000000000000000010101110111
00000000000000000000000101101011
00000000000000000000010110000011
00000000000000000000010001011100
00000000000000000000001111111011
00000000000000000000000110100110
00000000000000000000000001111001
00000000000000000000001001011010
00000000000000000000001011101010
00000000000000000000010011011000
00000000000000000000000000000110
00000000000000000000001110011001
00000000000000000000011011101110
00000000000000000000000100101101
00000000000000000000010011100110
00000000000000000000001111000110
00000000000000000000011000110101
00000000000000000000010110101111
00000000000000000000000101110101
00000000000000000000001100111011
00000000000000000000011110111100
00000000000000000000011010101111
00000000000000000000001001001001
00000000000000000000010110001001
00000000000000000000001110100100
00000000000000000000011000111010
00000000000000000000001010011101
00000000000000000000001101001111
00000000000000000000011011011101
00000000000000000000010001100000
00000000000000000000011100110011
00000000000000000000001010100001
00000000000000000000011110000100
00000000000000000000000100110000
00000000000000000000000000011001
00000000000000000000000010110110
00000000000000000000001011011010
