00010010000101010011010100100100
11000000100010010101111010000001
10000100100001001101011000001001
10110001111100000101011001100011
10001001001101110101001000010010
00000110110101111100110100001101
00011110100011011100110100111101
01110110110101000101011111101101
01000110001011011111011110001100
01111100111111011110100111111001
11010101000100111101001010101010
01110010101011111111011111100101
01000111111011001101101110001111
01111001001100000110100111110010
11100111011101101001011011001110
11100010110010100100111011000101
11011110100011100010100010111101
10010110101010110101100000101101
10110010101001110010011001100101
10110001111011110110001001100011
00000101011100111000011100001010
11000000001110110010001010000000
00010000011001000010000100100000
01010101011110000100010110101010
11001011001000000011111010010110
10001001100000111011100000010011
10000110101111000011100000001101
00110101100111111101110101101011
10000001000101110100101000000010
11010111010101100011111010101110
00001110111111111110100100011101
00010001100001000100100100100011
11100101011100110000101011001010
10011110001100010100110000111100
01111001011010001011110111110010
01000101001011100110000110001010
00100000110001001011001101000001
11101100010010110011010011011000
00111100001000001111001101111000
11000100100010100001001010001001
01100011010010111111100111000110
00010101000011111101110100101010
10111000100101111011111001110001
01000010111100100100000110000101
00100111111100100101010101001111
10011101110011000110000000111011
10111111001000110011001001111110
00001010101010100100101100010101
00100110001101011111101101001100
01001111101000010101010110011111
01111100011011011010100111111000
11011011110011010110000010110111
10101110011111011001010001011100
10101101110010111100000001011011
11101000001000110011111011010000
11101011111111101100000011010111
10101000110001111111110001010001
00000110000111010111111100001100
11100001001011001100111011000010
00011110111100101110110100111101
10111111000001010000000001111110
00011100110110011110011100111001
11101001111010111111011011010011
01000010110110010010111110000101
00100100100010110100101101001001
00010101000011001010111100101010
00101100000101010110001101011000
11000011001111110011100010000110
11001110001011111111001010011100
01111101001101011001100111111010
10010011011111011011110000100110
00111001100101100001011101110011
11010001100010111011010010100011
10010111100110011010100000101111
00100010001010010000110101000100
01111011111110001111110111110111
11110011000010010001101011100110
00010100110011111100000100101001
11110110100000101110001011101101
10110010100111111011011001100101
11011010100010101110001010110101
00111100111100010001100101111001
11101000011101000000110011010000
00010101000010010000101100101010
01010101111101101010110110101011
00000111011011111100111100001110
11001101010111101011110010011010
11111110110111110111001011111101
00101011000011101110110101010110
10011100000011101000101000111000
11011100001010111100010010111000
01001010011101001011111110010100
01001001110001100101110110010011
01101101110010110110100111011011
10100110111111001101111001001101
01101100101100001011011111011001
10110110101001000010011001101101
10111011010001011110001001110110
01011011000101110010110110110110
10100011000001110001101001000110
01111011110100100110000111110111
00110100100110000000011101101001
11011010011011101011101010110100
01000100000000011000110110001000
10010111010111001001110000101110
10000100011101111110010000001000
11111110101001111010011011111101
00010100100111100000011100101001
01000011001101010110011110000110
10011110101101111100011000111101
00110011010011101010011101100110
10111001111101010000010001110011
01011101011100011001100110111010
00101111001110101011001101011110
01111101010001110111100111111010
10001101001001001111011000011010
11011100111100000000000010111001
01001011001001110011011110010110
00010011001001011001111100100110
11011011010001100001101010110110
00111110100110011000001101111101
01101110010111110000111111011100
00111100000000111111111101111000
00111111010110101001101101111110
11100111110000111011011011001111
00111100111011010010101101111001
11111101001010001110010011111010
11010000111101010111100010100001
01000011011101111001000110000110
10011010101101001000100000110101
01100000101100010111010111000001
11100010111001010111010011000101
11001100000000011011010010011000
00100101101100100111101101001011
10111001100011000100001001110011
11110110001000101110011011101100
11000101010100000001011010001010
00100111010110001101000101001110
11010100010010111000000010101000
00000111000010111011100100001110
11110011001101000110011011100110
11001111110101101100000010011111
00010101010110100001110100101010
11000110101101011111010010001101
01001111011101011111111110011110
10011100011011011110011000111000
10111100110011111010100001111001
01100100011001001110001111001000
01100101001000110100010111001010
00110101101000001100100101101011
01011011000010111101110110110110
01011101000001011001110110111010
01100010000101101010101111000100
01011100100000101001010110111001
01001001001011111101001110010010
00111111101110110011101101111111
11000011001100111001000010000110
11111001001001111001010011110010
00011001010001010010000100110010
01000010010011111100110110000100
01100101010000111100111111001010
11010000100101011010100010100001
01000111011001011010100110001110
11111101100010110110101011111011
10000101111001010001111000001011
00011011011000001110010100110110
10111010101100010100100001110101
11000111111010000101011010001111
11010111001111111011010010101110
01001001001111100100010110010010
10010110100001001110000000101101
11100001011010011011000011000010
10001111000111001111011000011110
00000110101100110000010100001101
01110110011110011111110111101100
00001100000000111001110100011000
10100000110000000010010001000001
10011101101111110110010000111011
00101001111011111110100101010011
10101011000110010110001001010110
10101101101011000010001001011011
10000010011100111110001000000100
11101100010100001011010011011000
11011100000000110100010010111000
10011100100000010001001000111001
11110010100001111011011011100101
11010000110001011101110010100001
00010101100010010000111100101011
01000000100100000101110110000001
01100100000110111000010111001000
01010000110101011111100110100001
10001111100011000110111000011111
00101100001011010010001101011000
00001010011011101001001100010100
10001001000110011011010000010010
11001011001000100111000010010110
11011000101011001110001010110001
00101010110000101101010101010101
00010101100010110010101100101011
01010110101101000000001110101101
01000010010010011111111110000100
11010011101010001110010010100111
11011100111011111001000010111001
10100100110110100101011001001001
01101101111001011011101111011011
11010000101111000101111010100001
00010101010001101101110100101010
01111101001010100100010111111010
10100010111001100010000001000101
10111110011101010100001001111100
10111001010001100001010001110010
11111111010011110011110011111110
10110100010101011111001001101000
10110111110111111010101001101111
01000011010001100000110110000110
01111000001000110010000111110000
00100000011101101001000101000000
10010100000010010111011000101000
11100010101111110001101011000101
00011100110111100111000100111001
11011000011010100110101010110000
00011110000111001000011100111100
00010101001000011001001100101010
00001010111011000011010100010101
00001011111000101001110100010111
10100001100010111110111001000011
01100100101101011110001111001001
00010010100101111100101100100101
01100000111101101001110111000001
11000110100111011010001010001101
10101101011001111110001001011010
10111000101011011110011001110001
10011101111000010111110000111011
11111011110111111100001011110111
11001111000101001100111010011110
00101010101110001111011101010101
10010000001010100011101000100000
11010000000010110001001010100000
11011010001111011000110010110100
10000110110111001111000000001101
00100101101100001001100101001011
11001111011000111101101010011110
10111101111000001101001001111011
10000001110000111001101000000011
01110001110000010010100111100011
00001110100100100100001100011101
01011000111110010011110110110001
11110000000111010011010011100000
00101001011110100001010101010010
01000110110111001011011110001101
01000010000110011110011110000100
11000110001110101001001010001100
01001000010010000111110110010000
00110101001011010110000101101010
01000010011110110101011110000100
00111110011011110000111101111100
10110000010100100000001001100000
11000101101000010110000010001011
11010011000111011111111010100110
11010001000001010000010010100010
10100100100011110111110001001001
10011110110010011100000000111101
10101110011010000011000001011100
00100011100100000111010101000111
10011100101011110111101000111001
11011010000001011000101010110100
01101000010100011110010111010000
01000110011111000100010110001100
10110101001000100100000001101010
01110100011010101111111111101000
10100101111001111001111001001011
01110110001010010101101111101100
01010010000011101110111110100100
10011100101001110000010000111001
11101111100000110111001011011111
00110011100000110110010101100111
01001110101000000100000110011101
01000001000100000011100110000010
00100100110100101011111101001001
00010000000000001011011100100000
10001110000001010100110000011100
01001001101100010110111110010011
01110001101101000110000111100011
11100100011100011111100011001000
10101110110101110010111001011101
00011101001111111001110100111010
01000010001001101010100110000100
10001001011111110001110000010010
10101001011111110000000001010010
00101100100001001000100101011001
10110111010110011110101001101110
01001011111101010010100110010111
01010011010100100111011110100110
01011101100001011101001110111011
10000000011110010111110000000000
10110100111010001101011001101001
10000110010100110110001000001100
01100111110101110011010111001111
01001000001110011110010110010000
10110100111110011010010001101001
00111011100000111100110101110111
00100101001000110110010101001010
11101100001101110101100011011000
01001101110111010100110110011011
11100010000011101001101011000100
01011100011110001011000110111000
10011000010011010101101000110000
00111011111011010101001101110111
01101010000101011111010111010100
00000011100001111000011100000111
01110100101000011010110111101001
01000101111000101000101110001011
00000000111100100101111100000001
01101101100000001000101111011011
01100001000111011001111111000010
11100010111011001101101011000101
11010111101100101110010010101111
10110011000000101101101001100110
01010111111110111011100110101111
11110100110110000110111011101001
10000011011101101010110000000110
11110111100001010111011011101111
01110000111011110011011111100001
11110111011100100011111011101110
00110000010011100100110101100000
11110010100111000101111011100101
00010100101101000011011100101001
11110000111011101010111011100001
10111011101111000101001001110111
00110111000101010001010101101110
01000000101010101111010110000001
01101010100111111011100111010101
00110100001101111101010101101000
01111000011000100111000111110000
11111000110111000100100011110001
01000111001011101001010110001110
11110001011000011101110011100010
00011110011001100100110100111100
10101101111001111101000001011011
11010111101000100011110010101111
00100101000000101001101101001010
01011100110100100000110110111001
00001001100011100010110100010011
00110010110111000100000101100101
00101000110001100010011101010001
11001100100110000001000010011001
10111000111010100011101001110001
00110001011111000000011101100010
00010101000100111101110100101010
10111110110110100100010001111101
00101100111011100101111101011001
01110010110000111010001111100101
01110110110111100110101111101101
01010111110000011101000110101111
11100110100101101110100011001101
00111000000100111001111101110000
10000011001001101101010000000110
01011110100110000011110110111101
10110101010101011101111001101010
10101000011011000101111001010000
10010010100111010101100000100101
10111100001111111000010001111000
01111011011110111000100111110110
10101110001000111100111001011100
00010001110011001001101100100011
11011101110100010100011010111011
10111001100001111001010001110011
11100111000011111001100011001110
10101100111011001101110001011001
01011100101000100110111110111001
11011001101110001100000010110011
01111010010011111011111111110100
10111010111101001110001001110101
00000001011100101001001100000010
00000010111110111111100100000101
00000001001111110010100100000010
01011100011110010101000110111000
10000100011111111011001000001000
01000110111001110101001110001101
11010111101101001000111010101111
01001000010110010000100110010000
01111010111101101010101111110101
10100110001000001001000001001100
00111101100000101011110101111011
10100000000001011010011001000000
00010010101010010000001100100101
10111000011111000001000001110000
00010110110010111111100100101101
10011000011110110000100000110000
00100110101111110011111101001101
11111010111100110010111011110101
10101110111010101100110001011101
11001010010010000001001010010100
01011110011000000110010110111100
11011100010000110000100010111000
11111101011110010000011011111010
11001001110010111011110010010011
10101010110110100111010001010101
00100010110101011111000101000101
10101100100100111110000001011001
10010011011100101100111000100110
10110100010010010111011001101000
00101101000110011010010101011010
00001110010000111000010100011100
01011100100110010110011110111001
01101000001001101101100111010000
00110111101110010110010101101111
01101100011010100110110111011000
01000101111100110010001110001011
01111110001001001001000111111100
01101110000111100001111111011100
00001100100101111000110100011001
01010010101101010011001110100101
10101100011110000010110001011000
01100010000001010110101111000100
00000011001110100100010100000110
00001100000101100001100100011000
11100010111100000110011011000101
01100001110110111101010111000011
00000110001100110110001100001100
11110100111100000000111011101001
01100001110110101111110111000011
01110101101011010111001111101011
01111100001011011011100111111000
00110111100011000111001101101111
11010110101000010010100010101101
00110100010011011100000101101000
10010010111110010001001000100101
01010101110111011000110110101011
10001101100101001101001000011011
00101110110101101101100101011101
01000001001011011111110110000010
10000010001101000100001000000100
00011011001101101000101100110110
00011001011010100000001100110010
10111100111000110010100001111001
11110010010010111010111011100100
11010101011111111110110010101010
10111000110000001100001001110001
01011110010101000010000110111100
11101110011100000110100011011100
11100000111000000000010011000001
01110101111110110010000111101011
01011010100111010011101110110101
11000100111111010010111010001001
11000111101100101110001010001111
11011111111101101111011010111111
11011000010001100010101010110000
11101011000111010000001011010110
11000001010001001100110010000010
00001101011000110111010100011010
00111000111001101010011101110001
11101011100010000000010011010111
11111000110001110001010011110001
00001110001110101110101100011100
01001100000110001100011110011000
11110110011100001000100011101100
10110010110100010100101001100101
00011011100100100000010100110111
10000001111110100011011000000011
11111110101011011101110011111101
11110100001110100011010011101000
10111010011000000011100001110100
01011000000010011000100110110000
00001001000101100100110100010010
11100010101110100000000011000101
01111001100111110000100111110011
01111101110111011010101111111011
10110101100011010111110001101011
00001011110010111011111100010111
00010101000000000000010100101010
11010011011001100110111010100110
11100101101011000001000011001011
10110101100001111100001001101011
00000010011101111110101100000100
11110000111010100111000011100001
11011100100110010111010010111001
11100100110111110001011011001001
10110000010111111000111001100000
10100011011001000011001001000110
00011110011101001100101100111100
00011011100001010101111100110111
00101100000011000101010101011000
01101110011011010010001111011100
00011000001111111100001100110000
01101000010001011111010111010000
00000000011100111110010100000000
01111100011011101001000111111000
00101001110000000001111101010011
01001100010110001000111110011000
00101111111011110011110101011111
11111101010111110101101011111010
00010110100110011101000100101101
10111000011101100000001001110000
10110101101101001110100001101011
10011000110101110011100000110001
10001001001011111100000000010010
00100000001100010000011101000000
01001010011000111000110110010100
00101010000110111010001101010100
11000000011000100000001010000000
11100001111000111000011011000011
11110110100101011101111011101101
11101110010011101110011011011100
10111100011110000001000001111000
00010011110101000000110100100111
00010001110000000101101100100011
01010101100101101110101110101011
00010001010100110100110100100010
11100011111010110100110011000111
01100111010101001101011111001110
11100011100011100010001011000111
01101101101000110110111111011011
10000100011001010001010000001000
00111010110000100110111101110101
01011010110100110001110110110101
10001101011111010111001000011010
11000001001000110011101010000010
10101100000001011010000001011000
11010001100010001001101010100011
01010010010000111110001110100100
01110101001111000001011111101010
00000011011100000011100100000110
10101010000100111000000001010100
11100100010101011111000011001000
10011011111110001111001000110111
01111100000111011111001111111000
00101000110101101010100101010001
01001101100111101110001110011011
00011010101000001101110100110101
01011000000101100101001110110000
11111101110111111000001011111011
00100111100011011011101101001111
10001100001110001100010000011000
11101110100000010001100011011101
00110000111000100000111101100001
10101100100101110100100001011001
00101010111100010111001101010101
10000101110011100101000000001011
11101001110100100010110011010011
00010100010001011011000100101000
01110100110111000110100111101001
00101100010101110111100101011000
01101010001011000001001111010100
01010010001110010111110110100100
01101011001010011001110111010110
11000001101100000100010010000011
11000001000011110000010010000010
00100010111010101101101101000101
10111011101111000011111001110111
00100010100111010000101101000101
10111010100101000001000001110101
11111100011001110000101011111000
00110110000000010101100101101100
10101000010011100101100001010000
00011000101111010110001100110001
11010111111000110001111010101111
11011001010110110100000010110010
11101111001000001001111011011110
11000010111010000111010010000101
01010101010111000000111110101010
00010100000001111111000100101000
01100001000011101101010111000010
01001101001000000000100110011010
01101001111001110101000111010011
11011101000100010001101010111010
11111101111010110111110011111011
01100001000100010100110111000010
11100110010010000010100011001100
00111000111001100001001101110001
00110000100111001101101101100001
11011111100110111101000010111111
11001000100000011011110010010001
00101100101010010110001101011001
00101010000111010111001101010100
10101000111000101110001001010001
01110011111110100111110111100111
00010010001110101010111100100100
01000001101101011101010110000011
10101101111011100000000001011011
11111000110110100001101011110001
11010111111000011010111010101111
10001001011001000110000000010010
01111110001010011011001111111100
00011111111110111000000100111111
11100001001100100101011011000010
00111001100010100001100101110011
11111111011100111100101011111110
00111010000010010110101101110100
01011101100001101011011110111011
01110001001100101011101111100010
11101111111100110100110011011111
01001111110110111110110110011111
00001000000101111100101100010000
01011110111010010111101110111101
01010101101111000010011110101011
01011010000010100000111110110100
10101010000010001010110001010100
01000100111001111001101110001001
01010110000011001001000110101100
00010111101010011000110100101111
00011010011000011001100100110100
11011110011100110000001010111100
11010011111111100011011010100111
11100000111100101000000011000001
10100000101110001010001001000001
10110100110000010110110001101001
11111101010100101101100011111010
01111111110011111111001111111111
11110100001000001000001011101000
10100101100101010101110001001011
10001001000001000010111000010010
00011011100101111000111100110111
11111100010011001010010011111000
10010000000110000100111000100000
11101101000110110101000011011010
01110110001100110101010111101100
00111101011111110101101101111010
00001111000111100101000100011110
11110100101000011101101011101001
11110101101001001111001011101011
00000101101101001111011100001011
00111110010100000010110101111100
00100010110000000011000101000101
11000101110010110101010010001011
00001001010010111101001100010010
11000001110000111101011010000011
11110000101010110000000011100001
01100111010011111101111111001110
01101010110011010111001111010101
01100110100110010000011111001101
11111010001100101000110011110100
01110110011000010101001111101100
11110001101000110010111011100011
11110110001001001000010011101100
00101110000100111000110101011100
11000111110110000111101010001111
01111111110110111011001111111111
00010011110100011111011100100111
01111101110010100000111111111011
00000110010010011001101100001100
01011101101101111001011110111011
10100100110110000011101001001001
10000101011100001111011000001010
01001011000111001110100110010110
10000100111000110010011000001001
00010111001001010111000100101110
10111011000001100010100001110110
00111010100110000010010101110101
11000111101101000011101010001111
01001010110100111001010110010101
00111101101010001100110101111011
10111110010000111110101001111100
10110111111101000011000001101111
11100100100000100100110011001001
11100100110110000010000011001001
01011010001101110110000110110100
01101111110011111111000111011111
00000110101100001110001100001101
00111000010011010100000101110000
01000001101111010110011110000011
00000010011110101000110100000100
11000000010001100111001010000000
11111100111101010000010011111001
11100101000001100011101011001010
